column1:Ekman	column2:thermal Rayleigh/Ekman^2	column3:chemical Rayleigh/Ekman	column4:Ri0	column5:Standard deviation on Ri0	column6:Convective velocity rms (viscous velocity unit)	column7:Standard deviation on convective velocity  (viscous velocity unit)	column8:Layer thickness at given time	column9:Uncertainty on layer thickness	column10:Erosion rate at given time dh/dt (viscous velocity unit) column11:Minimum value for erosion rate  (viscous velocity unit) column12:Maximum value for erosion rate  (viscous velocity unit)
0.0001	3000	100	539.9052133	103.5383662	38.49339649	5.219813925	0.110531	0.004567371	-0.326416019	-0.326416019	-0.175041794
0.0001	3000	10000	155619.0302	38101.12128	22.67324293	3.925307604	0.194219	0.000218423	-0.003468602	-0.005991817	-0.0005474
0.0001	3000	200	1345.616567	346.2719315	34.48254634	6.274516916	0.163516	0.005013956	-0.088775824	-0.094194429	-0.043544379
0.0001	3000	300	2013.911311	515.0073461	34.52116554	6.242284171	0.176378	0.005997666	-0.127572723	-0.127572723	-0.001585113
0.0001	3000	3000	37151.91334	8034.142644	25.41645803	3.88649742	0.190219	0.000588025	-0.006520629	-0.010838117	-0.002954839
0.0001	3000	30000	21591.40226	5894.148581	105.4302404	20.35121909	0.1958	        0.000559879	-0.042902344	-0.073823637	-0.042902344
0.0001	30000	2000	663.044314	99.55123133	155.3419361	16.49216978	0.164496	0.00450584	-1.46493307	-1.46493307	-0.744083674
0.00001	10000	200	946.2125742	134.9312829	130.0366084	13.11216998	0.187779	0.001295585	-7.949884334	-7.949884334	-4.399218729
0.00001	30000	800	458.7490313	46.17985708	373.510149	26.58672438	0.189279	0.002355067	-44.33845987	-48.33974307	-34.2563166
0.0003	10000	1000	653.3874157	119.1234864	63.88501238	8.235891475	0.149575	0.002794937	-0.557016656	-0.557016656	-0.067227193
0.0003	10000	300	181.5387764	32.8222893	66.38352219	8.486815463	0.139874	0.016042805	-3.970197132	-2.905426427	2.386047919
0.0003	10000	3000	1867.933458	318.4194012	65.44316471	7.888372584	0.181218	0.002799655	-0.132108123	-0.143442779	-0.026810485
0.0003	3000	100	235.8242312	52.92056986	33.62715707	5.33594371	0.093809	0.007022577	-0.700720883	-0.700720883	-0.460903115
0.0003	3000	1000	4747.470056	1204.446748	23.70026757	4.25170986	0.184478	0.003603621	-0.026388391	-0.026388391	-0.008821893
0.0003	3000	300	955.63548	264.612969	28.93335934	5.665036641	0.137434	0.00370446	-0.017935588	-0.017935588	-0.0031283
0.0003	3000	3000	16922.63385	3879.843348	21.74257689	3.524863063	0.188339	0.00111625	-0.006219228	-0.006219228	-0.002472099
0.0003	30000	20000	4524.8815	617.1682227	108.5664804	10.47073353	0.191599	0.001394903	-0.157106401	-0.157106401	-0.025368834
0.0003	30000	5000	1188.432214	195.2601476	105.9210215	12.30570106	0.174357	0.001137399	-0.513723564	-0.57424272	-0.50482412
0.0003	30000	50000	12020.85078	1652.795684	105.3177968	10.23931094	0.192999	0.000537595	-0.042239502	-0.06447239	-0.019096877
0.00003	10000	200	521.7844641	141.6095546	101.1006137	19.40171885	0.174557	0.003112711	-4.592592069	-4.735435242	-3.606836971
0.00003	100000	5000	805.0267112	129.0844676	406.9717118	46.14375386	0.179698	0.002715599	-4.526721137	-2.359689846	-3.243077115
0.00003	20000	500	617.9430739	131.3759713	146.8909819	22.08246785	0.169537	0.001816615	-6.866515517	-6.866515517	-2.934438595
0.00003	50000	1000	484.5585221	199.4151009	234.5909468	68.26656595	0.175518	0.007847743	-14.95850742	-8.169881521	-14.95850742
0.00003	50000	5000	2987.411788	957.2931896	211.2622122	47.86925894	0.192319	0.001242924	-2.965449326	-2.965449326	-2.734520875
